1.000000000000000000e+00 9.991730658501155915e+01
2.000000000000000000e+00 9.767556391314803932e+01
3.000000000000000000e+00 9.299580324102647921e+01
5.000000000000000000e+00 8.277711631852970697e+01
7.000000000000000000e+00 7.401285784679646440e+01
1.000000000000000000e+01 6.393078530052390818e+01
2.000000000000000000e+01 4.613051926517699286e+01
2.500000000000000000e+01 4.158936349987323666e+01
3.000000000000000000e+01 3.836645954158121441e+01
4.000000000000000000e+01 3.411886313027523698e+01
5.000000000000000000e+01 3.145558428214209101e+01
6.000000000000000000e+01 2.963348157223219559e+01
8.000000000000000000e+01 2.730487863667578097e+01
1.000000000000000000e+02 2.588127151551591254e+01
1.200000000000000000e+02 2.492147447479853639e+01
1.500000000000000000e+02 2.395327864610050383e+01
2.000000000000000000e+02 2.297685109829548367e+01
2.500000000000000000e+02 2.238711661922407004e+01
3.000000000000000000e+02 2.199236898094012460e+01